y_true,y_pred,y_true_scaled,y_pred_scaled
0.0,6.921384875713165,0.0,0.025505342800284353
0.03,6.416534243318429,0.00011055017135276559,0.02364496533632468
0.0,5.667305746264685,0.0,0.020884054045269135
1.2699999999999998,5.537494203490325,0.004679957253933743,0.020405697768693387
14.77,5.763291659557906,0.05442753436267826,0.021237762684003042
11.29,8.370566283046866,0.04160371448575745,0.030845584563683776
23.14,10.351002017692975,0.08527103217009986,0.038143501557626025
16.18,14.146810732415195,0.05962339241625824,0.05213107835212144
10.18,14.389713201620085,0.037513358145705125,0.05302617533854179
4.47,14.198510489555575,0.016471975531562072,0.05232159225248029
2.66,10.96205113284059,0.00980211519327855,0.040395221037110185
30.03,8.594059208898614,0.11066072152411836,0.03166915727198516
4.36,12.063702671746027,0.0160666249032686,0.044454813250344644
0.47,12.044596772990248,0.001731952684526661,0.044384407904301315
0.46,11.663935268860069,0.0016951026274090726,0.04298166808733489
1.85,6.471492518519921,0.0068172605667538785,0.023847486894350595
7.21,6.026193973349733,0.02656889118178133,0.022206559211960547
1.38,7.2203172932472075,0.005085307882227217,0.026606910466327183
7.26,7.382913708575605,0.026753141467369273,0.02720607918552384
52.03,8.337114690842904,0.19173084718281314,0.030722315255344745
33.59,16.116408071687324,0.1237793418579799,0.05938905579720427
18.75,21.570643125953335,0.0690938570954785,0.07948794312544988
38.99,23.48920587455198,0.14367837270147768,0.08655785781240366
21.23,21.31074622544556,0.07823267126064046,0.0785302215626103
1.1,19.22901609710062,0.004053506282934739,0.07085903414931871
0.83,16.22759149359258,0.0030585547407598478,0.05979876734197803
0.39,9.621189392040083,0.0014371522275859528,0.0354541378635814
0.39,5.944507793340439,0.0014371522275859528,0.021905545172054536
0.39,5.818379679812062,0.0014371522275859528,0.021440762353289095
0.39,5.7401869749498,0.0014371522275859528,0.021152621789253784
0.39,5.7401869749498,0.0014371522275859528,0.021152621789253784
0.39,5.7401869749498,0.0014371522275859528,0.021152621789253784
0.39,5.7401869749498,0.0014371522275859528,0.021152621789253784
0.39,5.7401869749498,0.0014371522275859528,0.021152621789253784
0.39,5.7401869749498,0.0014371522275859528,0.021152621789253784
0.39,5.7401869749498,0.0014371522275859528,0.021152621789253784
0.44,5.7401869749498,0.0016214025131738954,0.021152621789253784
0.44,5.749073619871136,0.0016214025131738954,0.021185369126547282
0.39,5.757959980085205,0.0014371522275859528,0.021218115414692873
0.42,5.757959980085205,0.0015477023989387182,0.021218115414692873
2.2800000000000002,5.7544054701638645,0.008401813022810185,0.02120501702533023
7.47,6.081229776746952,0.027526992666838633,0.022409366461830532
4.85,7.335205132269407,0.017872277702030436,0.02703027280933562
2.96,8.116936865047775,0.010907616906806205,0.029910958709687047
0.83,8.236735475362691,0.0030585547407598478,0.030352417272958288
1.2,7.0647005711816435,0.004422006854110623,0.02603346195667039
1.73,6.418307261307214,0.006375059881342816,0.023651498917740404
9.229999999999999,6.200140785902762,0.03401260271953421,0.0228475542097607
11.41,7.686641318273666,0.04204591517116851,0.02832531716208006
22.79,9.482707681738038,0.08398128017098426,0.034943831970144223
14.76,13.150515876272992,0.05439068430556067,0.048459726116641455
3.73,14.10544377060636,0.013745071304860522,0.051978640861577774
3.04,12.77833649393347,0.011202417363746914,0.047088242966921434
21.32,9.335384390607286,0.07856432177469876,0.03440094480085229
20.96,10.483803469982332,0.07723771971846556,0.03863287566784218
23.2,13.477264315341973,0.0854921325128054,0.04966379598091894
3.93,16.938069882344053,0.014482072447212294,0.06241688426260844
0.92,13.955435195129843,0.003390205254818145,0.051425858404133995
3.65,10.476815532058227,0.013450270847919815,0.038607125076678434
7.13,7.039935274004282,0.02627409072484062,0.025942201695118405
11.13,7.605444629255589,0.04101411357187604,0.02802610689927254
9.009999999999998,9.402040463472138,0.03320190146294726,0.03464657281008268
12.69,10.34051493788452,0.04676272248221985,0.03810485660863219
4.18,11.31060727441501,0.015403323875152005,0.04167965240968055
0.96,10.097451357820072,0.0035376054832884987,0.03720916592777415
10.84,8.685515657528759,0.03994546191546597,0.03200617480756443
4.0,8.360003062320091,0.014740022847035412,0.03080665903497104
0.48,8.328310963361108,0.0017688027416442494,0.030689873469289558
0.42,8.243780827011559,0.0015477023989387182,0.030378379434025715
1.29,6.40234969040973,0.00475365736816892,0.02359269517783738
24.73,5.921418204529782,0.09113019125179644,0.0218204599054051
6.27,10.195402294015604,0.023104985812728008,0.037570115687126815
5.43,11.216541132581613,0.02000958101485057,0.041333018139741357
0.82,11.9368837904935,0.0030217046836422596,0.043987484948570216
1.91,7.750169861099698,0.007038360909459409,0.028559420205253705
4.88,6.9797817308651275,0.017982827873383202,0.02572053554506809
8.74,6.882446778309396,0.03220694992077238,0.025361855688946444
7.81,8.280765960735899,0.02877989460883664,0.03051466986305007
0.42,9.317840621110856,0.0015477023989387182,0.03433629591005216
5.9,8.53424428344121,0.021741533699377234,0.0314487389300262
0.47,8.03410437163089,0.001731952684526661,0.029605720498326604
10.15,6.737265502345583,0.03740280797435236,0.024826861857779353
0.56,8.455057430436845,0.002063603198584958,0.031156934924408908
1.26,7.513628244222007,0.004643107196816155,0.02768776299599074
0.56,7.653106456513075,0.002063603198584958,0.028201741004949238
13.37,5.955163877952692,0.04926852636621586,0.02194481290471567
0.79,8.22088277390565,0.0029111545122894942,0.030293999977542285
22.75,8.138081589432339,0.08383387994251391,0.029988877139817738
3.11,12.020278226844148,0.011460367763570033,0.04429479392285127
3.43,10.232124834573725,0.012639569591332866,0.037705438458833784
7.27,10.693358345755234,0.02678999152448686,0.03940508658199224
8.77,7.977693504609915,0.03231750009212514,0.02939784613114904
49.33,8.973755699997126,0.18178133176106423,0.03306834101041797
1.15,16.919307560515993,0.004237756568522681,0.06234774499950618
2.13,15.873353913355645,0.007849062166046358,0.058493399835485294
8.86,14.733879515223204,0.03264915060618344,0.05429443016996427
5.7,7.683111525082395,0.021004532557025463,0.0283123098540089
3.45,8.484975147410111,0.012713269705568044,0.03126718188233818
3.9100000000000006,8.717166559792817,0.014408372332977117,0.0321228085631898
1.01,7.845435202493521,0.0037218557688764417,0.028910473532422598
6.41,7.016936937285655,0.02362088661237425,0.025857452692949312
17.49,7.5401168796021905,0.06445074989866234,0.027785373768663413
0.47,9.927703154042753,0.001731952684526661,0.03658364282729393
1.04,9.833158427602628,0.0038324059402292075,0.03623524497034539
2.48,8.891181284005802,0.009138814165161956,0.032764053815844796
2.82,6.240949214254598,0.010391716107159965,0.02299793350132512
4.61,6.657560427354652,0.016987876331208313,0.024533148201181604
23.98,7.289255738623501,0.0883664369679773,0.026860949031298598
12.64,11.063178404149145,0.04657847219663191,0.040767875609496795
1.5,12.769675057369982,0.00552750856763828,0.047056325523712944
1.29,12.230387912574553,0.00475365736816892,0.04506904931486366
11.39,8.263154612975901,0.04197221505693334,0.03044977194596271
0.81,8.0429175248038,0.0029848546265246714,0.02963819701810738
15.97,7.921271069675342,0.05884954121678889,0.029189929136143794
2.59,10.49777880852816,0.009544164793455429,0.038684374870207316
2.12,8.95618875791211,0.0078122121089287695,0.03300360672849656
14.75,9.186226511779509,0.05435383424844308,0.0338512971654181
10.15,8.971999056441344,0.03740280797435236,0.0330618677688814
7.93,10.29681443192579,0.029222095294247706,0.03794381999456753
6.05,11.31060727441501,0.02229428455614106,0.04167965240968055
0.03,9.791128047367367,0.00011055017135276559,0.03608036277911106
0.1,8.012951651962336,0.00036850057117588536,0.029527772605528746
0.27,6.629215306194469,0.0009949515421748905,0.024428696267805833
4.41,5.603296683638908,0.016250875188856543,0.020648180283888817
6.54,6.3810714976585645,0.0240999373549029,0.023514284916013428
0.37,7.520692129261874,0.0013634521133507756,0.027713793452709856
8.11,7.538351049782836,0.029885396322364297,0.027778866675693098
1.11,8.190936287837863,0.004090356340052327,0.03018364700533538
13.11,7.232692128964709,0.04831042488115856,0.026652511806628254
4.58,9.47569408485989,0.016877326159855547,0.034917986825588276
18.88,8.856035691361953,0.06957290783800714,0.03263454210620906
8.82,11.961209817359439,0.032501750377713086,0.0440771264965156
15.74,11.214798860022066,0.05800198990308435,0.04132659785540799
24.09,13.152245745504358,0.08877178759627077,0.048466100694639636
20.24,14.052002028763907,0.07458451560599919,0.051781707737641985
0.53,16.013736111262638,0.0019530530272321924,0.05901070903660183
1.69,13.397774670994425,0.006227659652872462,0.049370876187472545
5.67,9.4984876174735,0.020893982385672697,0.03500198112346059
0.65,6.932003404217296,0.0023952537126432547,0.02554447213847255
25.95,6.953239236550939,0.09562589822014224,0.025622726301915977
6.03,11.213056576298664,0.022220584441905885,0.04132017752993575
1.19,11.27577175760715,0.004385156796993035,0.041551283331271505
11.66,11.369817408461966,0.04296716659910823,0.041897842091837584
2.86,8.870094468902098,0.01053911633563032,0.03268634878174484
3.9,8.312463543096964,0.014371522275859527,0.030631475635099548
2.84,8.789246655539513,0.010465416221395142,0.0323884241277205
17.04,7.2344599173285165,0.06279249732837086,0.026659026116846063
6.62,9.72982215552449,0.02439473781184361,0.03585445021750558
13.82,10.205894952689825,0.05092677893650735,0.037608781194272856
1.49,12.119275811698563,0.0054906585105206915,0.04465960058849011
4.0,9.405548228266461,0.014740022847035412,0.03465949894338527
2.55,8.945648052348202,0.009396764564985075,0.032964764168287586
11.3,6.958547939505268,0.04164056454287504,0.02564228890262471
1.2699999999999998,8.689032604722936,0.004679957253933743,0.032019134778062924
8.21,8.208552262936186,0.03025389689354019,0.030248561974190902
9.91,9.203778714357354,0.036518406603530236,0.0339159771321714
19.83,8.959702236379744,0.07307366326417805,0.03301655391671793
6.43,12.200878204860844,0.023694586726609426,0.044960305873386314
0.29,11.891701093506054,0.0010686516564100672,0.04382098645209881
0.0,10.214638526771795,0.0,0.0376410013147061
0.0,6.724868444539138,0.0,0.0247811786289536
0.0,5.583735413684134,0.0,0.020576096892376217
1.8,5.5321581834929425,0.006633010281165936,0.020386034504524975
0.04,5.852137896903071,0.00014740022847035413,0.02156516157608826
0.86,5.85924436629124,0.0031691049121126136,0.0215913489563741
6.02,6.0119894106647385,0.022183734384788295,0.022154215317333303
0.43,6.760287134515735,0.0015845524560563068,0.024911696703820374
0.47,6.829340526035612,0.001731952684526661,0.02516615884598744
0.53,6.760287134515735,0.0019530530272321924,0.024911696703820374
0.03,5.7863944196431385,0.00011055017135276559,0.02132289648687452
0.0,5.715302854449414,0.0,0.02106092366307777
10.05,5.63174697879905,0.037034307403176474,0.020753019784055166
0.12,7.319300439217659,0.00044220068541106234,0.026971663924596156
0.0,7.335205132269407,0.0,0.02703027280933562
2.59,7.335205132269407,0.009544164793455429,0.02703027280933562
3.16,6.01376502082085,0.011644618049157977,0.02216075845090043
2.22,6.553023392035974,0.008180712680104655,0.02414792862894194
3.09,6.9461608072008945,0.011386667649334856,0.02559664224933078
0.0,7.034628135565951,0.0,0.02592264485966006
0.0,6.4750378388361325,0.0,0.023860551419965847
0.74,6.081229776746952,0.0027269042267015512,0.022409366461830532
2.94,5.663750074577472,0.010833916792571029,0.020870951374792612
5.18,6.185945140147663,0.019088329586910858,0.022795243174071056
7.52,7.103612978449405,0.027711242952426576,0.026176854399710375
2.27,8.30013713993257,0.008364962965692597,0.03058605276903331
15.12,8.182127876991881,0.05571728636179386,0.030151187961056425
1.68,9.927703154042753,0.006190809595754873,0.03658364282729393
10.29,8.90348117739919,0.0379187087739986,0.03280937899325345
14.11,10.309051279245066,0.05199543059291742,0.03798891284683298
24.36,10.132437869890655,0.08976673913844566,0.03733809142458877
0.67,14.0709664425864,0.002468953826878432,0.05185159171089804
4.49,12.407378670572584,0.016545675645797252,0.045721261269014934
0.11,10.733504632254977,0.00040535062829347385,0.0395530258770497
0.0,6.467947152769184,0.0,0.023834422201308852
3.06,6.349151140659528,0.01127611747798209,0.023396658218150596
9.35,6.095430790187063,0.03445480340494528,0.022461697277470105
34.21,7.730759916652085,0.12606404539927038,0.028487894449099327
1.58,13.701782332998576,0.0058223090245789885,0.0504911461583763
1.1400000000000001,13.446162462172612,0.004200906511405093,0.04954918547434356
27.010000000000005,12.023752438430188,0.09953200427460664,0.04430759641238968
26.9,10.770154770454774,0.09912665364631315,0.0396880818456527
8.32,15.153165575138688,0.03065924752183366,0.05583950169561369
23.29,16.383170508210483,0.08582378302686369,0.060372076899474825
16.57,15.746604206797628,0.061060544643844195,0.05802632644285524
0.1,13.970957201858708,0.00036850057117588536,0.051483057087587825
11.24,12.54958150385273,0.04141946420016951,0.04624527952188057
10.69,10.452356338826753,0.03939271105870214,0.03851699280991544
17.02,9.423086377959713,0.06271879721413567,0.03472412712517858
7.7,12.37441857026452,0.02837454398054317,0.04559980311111958
1.28,11.759585426524234,0.004716807311051332,0.04333413946465797
3.15,10.118443803094037,0.011607767992040387,0.0372865232085125
1.24,7.681346611523455,0.004569407082580978,0.028305806137463446
4.64,6.5388458358876465,0.017098426502561076,0.02409568425355657
0.61,7.133677899969679,0.0022478534841729003,0.026287643807236166
1.56,6.684131339330966,0.005748608910343811,0.024631062163580963
7.42,6.740807416731115,0.02734274238125069,0.0248399138325206
20.19,7.232692128964709,0.07440026532041125,0.026652511806628254
0.17,10.672410108290666,0.0006264509709990051,0.039327892207284026
11.23,10.42964226607506,0.04138261414305192,0.03843329132208814
9.64,11.094555088721371,0.03552345506135535,0.0408834988713615
4.31,9.249409177900917,0.015882374617680654,0.03408412565095964
0.64,9.974963251063865,0.002358403655525666,0.036757796554755
2.61,8.11517473129211,0.009617864907690607,0.02990446523673254
12.94,6.873596445176721,0.047683973910159556,0.02532924216080157
3.1699999999999995,8.396972558193964,0.011681468106275563,0.030942891838427106
19.009999999999998,8.841976193135213,0.0700519585805358,0.03258273277493906
1.49,11.709155908133214,0.0054906585105206915,0.043148306401345815
6.57,9.710551749774702,0.024210487526255667,0.0357834386622497
0.65,10.305555093160287,0.0023952537126432547,0.037976029381141196
9.35,7.077082386688571,0.03445480340494528,0.026079089017535362
2.16,8.46385709725823,0.007959612337399124,0.031189361746907285
12.4,7.686641318273666,0.04569407082580978,0.02832531716208006
2.75,9.752594520341134,0.010133765707336847,0.03593836651192517
11.89,8.594059208898614,0.043814717912812766,0.03166915727198516
18.2,10.300310730023817,0.06706710395401112,0.03795670387302877
18.53,11.312348933071195,0.06828315583889155,0.04168607043177652
10.24,14.04682968391191,0.03773445848841066,0.05176264761731919
13.55,13.762197544248714,0.04993182739433246,0.05071377655691017
5.88,12.958431474729803,0.021667833585142057,0.047751893999815026
0.55,10.759683805622945,0.0020267531414673696,0.03964949628043979
2.95,9.06332959761985,0.010870766849688617,0.03339842133478221
0.51,7.1955659565879415,0.0018793529129970152,0.02651570164936412
8.23,6.2444974890265526,0.03032759700777536,0.023011008914126663
10.46,7.603679218033962,0.03854515974499761,0.028019601348837242
11.46,8.926322372935712,0.04223016545675646,0.032893548929268934
15.45,10.843440253548875,0.05693333824667428,0.03995813926944347
4.43,12.10017383009712,0.01632457530309172,0.044589209677182884
28.8,11.050975382787389,0.10612816449865498,0.04072290740607801
12.61,14.057174274189356,0.046467922025279135,0.05180076749157739
1.36,13.567093965647413,0.005011607767992041,0.04999481875537978
1.15,13.03631999597652,0.004237756568522681,0.04803891364548962
0.56,8.208552262936186,0.002063603198584958,0.030248561974190902
0.5700000000000001,6.077679409641857,0.0021004532557025463,0.022396283338769418
0.59,5.937403509327906,0.002174153369937723,0.02187936584489039
28.8,5.8379244116870534,0.10612816449865498,0.021512784801883233
0.17,10.810289739869091,0.0006264509709990051,0.039835979437185726
3.63,10.740485991183263,0.013376570733684636,0.03957875222457627
5.33,11.270546045032408,0.01964108044367469,0.04153202655058558
3.3,7.151361618154977,0.012160518848804215,0.026352808409754125
0.05,7.704289605717172,0.00018425028558794268,0.02839035120211214
1.74,7.071775962332501,0.006411909938460404,0.026059534813474228
2.62,6.436036816362628,0.009654714964808195,0.023716832429386547
14.42,6.31545343616066,0.05313778236356266,0.023272481984599108
7.05,8.85252088437109,0.025979290267899913,0.032621590022372
14.46,9.78412235557093,0.05328518259203302,0.03605454676482636
24.79,11.84998730696905,0.09135129159450196,0.04366727091045086
2.92,13.646533710283194,0.01076021667833585,0.05028755466810331
2.9,12.932463643102443,0.010686516564100674,0.047656202391946206
6.49,10.923682680096768,0.023915687069314958,0.040253833069597844
10.86,7.713113325383786,0.04001916202970114,0.02842286665948257
1.96,9.110739223640152,0.007222611195047352,0.03357312607745938
8.66,8.945648052348202,0.03191214946383167,0.032964764168287586
1.25,9.326612646376667,0.004606257139698567,0.03436862087326037
25.99,7.635454889335139,0.09577329844861258,0.02813669487907705
20.03,11.844772632591152,0.07381066440652984,0.04364805480558334
8.77,13.813971228109995,0.03231750009212514,0.050904562877657794
1.08,15.108518750531761,0.003979806168699562,0.05567497789192527
19.93,10.79633042138144,0.07344216383535394,0.03978453926882647
1.48,10.778880266971836,0.0054538084534031025,0.03972023535015601
4.79,9.503747393831107,0.017651177359324907,0.03502136342938095
36.22,10.15342762509847,0.13347090687990565,0.03741543879241799
9.939999999999998,12.987858666816855,0.036628956774882995,0.047860333370736835
6.58,14.4482525959897,0.024247337583373253,0.053241893341156726
2.24,14.756235063157398,0.008254412794339833,0.05437681049179127
2.62,8.84900603233674,0.009654714964808195,0.03260863777254944
3.1699999999999995,7.559540260856988,0.011681468106275563,0.02785694903952901
1.9000000000000001,6.956778383192586,0.007001510852341821,0.0256357680775052
11.59,6.896606721554025,0.04270921619928511,0.02541403516068108
5.04,8.47969578710253,0.01857242878726462,0.03124772740945031
29.11,8.808581996254146,0.10727051626930022,0.03245967496869273
11.01,13.549821357337606,0.04057191288646497,0.049931169095101174
26.7,13.449618400784574,0.09838965250396138,0.04956192062786813
88.36,17.166522929171407,0.3256071046910123,0.06325873504503596
167.07,27.074296787686187,0.6156539042635516,0.09976893830447797
37.63,51.439831405917474,0.13866676493348565,0.18955607254271833
24.8,53.05675488431545,0.09138814165161956,0.19551444479609187
61.04,43.4935103677283,0.2249327486457604,0.16027383412952168
44.31,26.647370630136642,0.1632826030880348,0.09819571297540863
25.97,27.74281031228546,0.09569959833437741,0.10223241446101433
2.93,27.93419416712423,0.01079706673545344,0.10293766505923363
14.81,18.25324315954183,0.054574934591148615,0.06726330530103486
20.61,13.1989480251061,0.07594796771934996,0.04863819886172421
4.23,12.27030769510682,0.01558757416073995,0.04521615394150724
29.41,12.49583067999602,0.10837601798282787,0.04604720742895685
32.5,15.015766960100919,0.11976268563216273,0.055333187014411755
3.6,17.050616046246002,0.013266020562331872,0.06283161751942368
9.43,16.943186649695452,0.03474960386188598,0.062435739579524085
0.51,13.513545277164722,0.0018793529129970152,0.04979749153246388
1.2699999999999998,7.930087837763328,0.004679957253933743,0.029222418976907277
0.58,7.518926174975413,0.0021373033128201345,0.027707285901077544
3.0,5.9516118952687185,0.01105501713527656,0.02193172382823716
0.6999999999999998,6.393483975596379,0.002579503998231197,0.023560024968111354
0.58,6.292394748132124,0.0021373033128201345,0.023187510587508287
16.78,6.292394748132124,0.06183439584331356,0.023187510587508287
16.99,8.725957829250726,0.06260824704278291,0.032155204441355806
1.19,11.575211360427042,0.004385156796993035,0.042654719977989614
1.95,11.681328713993464,0.007185761137929764,0.04304576303199861
0.26,9.089669291350896,0.0009581014850573019,0.0334954832566271
11.750000000000002,6.136254649100533,0.04329881711316653,0.02261213343074228
32.92,8.00413753872224,0.12131038803110145,0.029495292547894902
11.84,13.409872432685777,0.04363046762722482,0.049415456508404676
1.28,15.403736559168328,0.004716807311051332,0.05676285720296395
4.35,13.601635862147232,0.01602977484615101,0.050122105841276604
26.570000000000004,8.622202900346897,0.09791060176143274,0.031772866935722066
3.43,11.200860277639919,0.012639569591332866,0.04127523409971595
108.46,11.575211360427042,0.3996757194973652,0.042654719977989614
47.65,29.099022063240636,0.17559052216530935,0.10723006250963862
88.59,32.50710809175522,0.3264546560047168,0.11978887899088042
129.78,45.816062511651936,0.478240041272064,0.16883245204573805
57.89,49.035865895455515,0.21332498065372002,0.18069744590579473
50.52,50.56677093100841,0.18616648855805729,0.18633883970596754
18.76,44.8241066563409,0.06913070715259609,0.16517708905310424
4.09,27.254705390244006,0.01507167336109371,0.10043374503535396
7.18,18.28039662136558,0.026458341010428564,0.0673633659629494
1.18,10.822503556568819,0.004348306739875446,0.0398809874214866
12.300000000000002,7.737818236561341,0.0453255702546339,0.02851390439828036
1.91,9.182715936300209,0.007038360909459409,0.033838360674725315
13.6,8.256109757894006,0.0501160776799204,0.030423811614747415
19.63,10.434884143107658,0.07233666212182628,0.03845260766889361
12.69,11.712634106810158,0.04676272248221985,0.043161123583336986
23.72,13.580911255446072,0.08740833548292,0.05004573554720887
7.35,15.323098880371226,0.027084791981427568,0.05646570689601366
3.39,13.207595708767673,0.012492169362862513,0.0486700656254106
1.72,11.594350342170713,0.006338209824225227,0.04272524723503229
0.69,7.739582788271877,0.0025426539411136087,0.028520406781412377
0.58,6.561883995579535,0.0021373033128201345,0.024180580003609592
17.41,6.063477486223505,0.06415594944172164,0.022343949169854826
39.99,8.834946173752849,0.14736337841323655,0.032556827113361275
41.64,15.655787067375886,0.15344363783763865,0.05769166476536053
1.02,22.600976123207996,0.0037587058259940303,0.08328472610534693
12.76,19.850543779544097,0.047020672882042966,0.07314936720913917
5.8,15.216688618184003,0.02137303312820135,0.05607358447206398
3.36,8.993078036237593,0.012381619191509746,0.033139543929828624
17.0,9.40379435148843,0.0626450970999005,0.03465303589744051
3.37,10.146431219354684,0.012418469248627335,0.037389656997290355
2.12,9.721063048562197,0.0078122121089287695,0.03582217285831962
2.41,9.503747393831107,0.008880863765338837,0.03502136342938095
0.6,6.933773119278489,0.0022110034270553117,0.02555099354858123
3.04,6.443128320298247,0.011202417363746914,0.023742964661894267
6.73,6.606182755384112,0.024800088440137084,0.024343821186513293
13.06,7.370545610964455,0.04812617459557062,0.027160502675183162
4.44,9.563351126747948,0.01636142536020931,0.03524100352562165
2.43,9.80864149130514,0.008954563879574013,0.03614489992005432
0.85,9.054549137110646,0.003132254854995025,0.03336606528765393
0.62,6.901916513139341,0.002284703541290489,0.02543360177300122
0.51,6.224981415051672,0.0018793529129970152,0.02293909207005812
0.51,5.884115574825648,0.0018793529129970152,0.02168299950188174
0.51,5.82371019785377,0.0018793529129970152,0.021460405342719424
0.51,5.8041644640690535,0.0018793529129970152,0.021388379202082225
0.51,5.8041644640690535,0.0018793529129970152,0.021388379202082225
0.66,5.8041644640690535,0.0024321037697608433,0.021388379202082225
9.27,5.830817395849924,0.034160002948004566,0.021486595407929854
6.69,7.382913708575605,0.02465268821166673,0.02720607918552384
0.51,8.472656482158875,0.0018793529129970152,0.031221787530526124
0.94,8.446257481685667,0.003463905369053322,0.03112450706299763
0.51,6.9762428790195115,0.0018793529129970152,0.025707494855803925
0.51,5.88056268163265,0.0018793529129970152,0.021669907070172273
4.43,5.88056268163265,0.01632457530309172,0.021669907070172273
0.63,6.499853808931814,0.0023215535984080775,0.02395199841151127
0.0,6.521122868669913,0.0,0.024030375018129907
0.18,6.430718069130233,0.0006633010281165935,0.02369723281545577
37.55,5.6761947261301735,0.13837196447654493,0.02091680998684517
34.9,12.162684399361106,0.12860669934038396,0.044819561481965975
0.16,18.154788520803173,0.0005896009138814165,0.06690049939493375
0.0,18.151392880602028,0.0,0.06688798644139746
0.42,11.698721044654063,0.0015477023989387182,0.04310985386982372
0.0,5.635303060611964,0.0,0.020766123965847233
0.0,5.606853130047707,0.0,0.020661285809218805
0.0,5.606853130047707,0.0,0.020661285809218805
1.8,5.5321581834929425,0.006633010281165936,0.020386034504524975
0.0,5.852137896903071,0.0,0.02156516157608826
1.52,5.852137896903071,0.005601208681873457,0.02156516157608826
0.74,6.122055728389121,0.0027269042267015512,0.022559810326819918
29.47,5.9338512990385395,0.1085971183255334,0.02186627592968471
21.28,11.11895667488509,0.0784169215462284,0.04097341885575079
6.22,14.541200719393212,0.022920735527140065,0.05358440770679593
4.01,15.482635030960825,0.014776872904153,0.05705359852216835
1.82,11.080610342355738,0.006706710395401113,0.04083211240135512
3.82,7.66722689592346,0.014076721818918819,0.028253774904829054
2.16,7.243298689239568,0.007959612337399124,0.026691597041823223
0.0,6.916075458369939,0.0,0.02548577756704845
2.63,6.593779817933127,0.009691565021925783,0.024298116291163824
13.87,6.382844742878994,0.05111102922209529,0.023520819334779064
0.0,8.451537484768442,0.0,0.031143963904515765
0.29,8.451537484768442,0.0010686516564100672,0.031143963904515765
0.72,8.039392297417473,0.002653204112466374,0.029625206535053517
0.03,5.711747797862018,0.00011055017135276559,0.02104782325924759
0.0,5.7170803656585765,0.0,0.021067473802036246
0.0,5.665527916116947,0.0,0.02087750273102018
0.55,5.537494203490325,0.0020267531414673696,0.020405697768693387
4.28,5.629968920802974,0.01577182444632789,0.020746467630183785
2.18,6.389937610138673,0.0080333124516343,0.023546956591143725
6.65,6.776224064216309,0.024505287983196376,0.024970424380794887
0.74,7.854254400185334,0.0027269042267015512,0.028942972326290062
0.11,7.229156518254803,0.00040535062829347385,0.026639483060967695
0.0,6.862975671126613,0.0,0.02529010454776362
1.89,5.6833057049789755,0.006964660795224232,0.0209430139845192
0.21,5.887668422487611,0.0007738511994693591,0.021696091765809083
1.05,5.905431977853079,0.003869255997346796,0.021761550568791976
0.19,6.091880605072917,0.0007001510852341821,0.022448614825046675
0.03,5.789948519620083,0.00011055017135276559,0.021335993365589723
0.0,5.757959980085205,0.0,0.021218115414692873
0.0,5.571286614919772,0.0,0.020530222997825004
0.0,5.537494203490325,0.0,0.020405697768693387
0.0,5.5321581834929425,0.0,0.020386034504524975
12.75,5.5321581834929425,0.04698382282492538,0.020386034504524975
2.62,7.7907498698147855,0.009654714964808195,0.028708957769152027
8.37,8.252587262641192,0.0308434978074216,0.030410831199621152
0.64,9.722814892404815,0.002358403655525666,0.03582862841288578
0.21,7.593086513146548,0.0007738511994693591,0.027980567170824144
0.0,7.167275995743292,0.0,0.026411452982066153
1.22,5.6833057049789755,0.004495706968345801,0.0209430139845192
0.31,5.7863944196431385,0.0011423517706452445,0.02132289648687452
0.0,5.8041644640690535,0.0,0.021388379202082225
0.39,5.8041644640690535,0.0014371522275859528,0.021388379202082225
7.51,5.656638594500884,0.027674392895308986,0.02084474553009133
4.05,6.933773119278489,0.014924273132623355,0.02555099354858123
3.95,7.649576233560726,0.01455577256144747,0.02818873211320605
0.03,8.277243781460985,0.00011055017135276559,0.030501690612304178
0.3499999999999999,6.956778383192586,0.0012897519991155984,0.0256357680775052
4.91,6.301263701607908,0.01809337804473597,0.023220192731723877
0.68,6.471492518519921,0.0025058038839960205,0.023847486894350595
5.1899999999999995,6.5866921753261725,0.019125179644028448,0.02427199828767429
14.94,7.442979435115053,0.055053985333677266,0.02742742173090265
8.47,9.209044155821662,0.031211998378597488,0.03393538031404231
0.33,10.572883980652522,0.0012160518848804217,0.03896113785846822
19.230000000000004,9.722814892404815,0.07086265983712275,0.03582862841288578
5.29,10.473321495931335,0.019493680215204333,0.03859424953359375
1.08,9.91719979985406,0.003979806168699562,0.036544937907115965
4.5,10.048462707835148,0.016582525702914838,0.03702864247276835
0.21,7.458876995963776,0.0007738511994693591,0.027486004333433234
0.03,6.560111897580951,0.00011055017135276559,0.024174049812363013
17.8,6.373978403152696,0.06559310166930758,0.02348814682224526
2.2800000000000002,8.722441355266296,0.008401813022810185,0.03214224621463793
10.43,9.086157478456832,0.038434609573644835,0.033482542206053845
1.86,10.906240686216378,0.006854110623871468,0.04018955922252415
1.89,8.111650429907343,0.006964660795224232,0.029891478165999713
3.62,8.0429175248038,0.013339720676567048,0.02963819701810738
0.05,6.839962593191196,0.00018425028558794268,0.025205301224126453
0.62,6.519350509488077,0.002284703541290489,0.02402384386442155
1.93,6.294168561558967,0.0071120610236945865,0.0231940471001178
1.95,5.994232683329278,0.007185761137929764,0.022088781675679986
3.63,6.33141601810889,0.013376570733684636,0.023331304190252755
8.94,6.864745828490958,0.032943951063124144,0.02529662758776194
1.9000000000000001,8.10283947884654,0.007001510852341821,0.029859009761014632
0.1,8.094028245494432,0.00036850057117588536,0.029826540315784467
0.09,7.471241131696915,0.00033165051405829676,0.02753156624423081
0.09,5.903655673536159,0.00033165051405829676,0.021755004877238304
6.95,5.5819570480464495,0.02561078969672403,0.020569543604843754
9.32,6.797471874215118,0.03434425323359251,0.025048722682002866
1.01,8.426896601995761,0.0037218557688764417,0.03105316211075565
3.5400000000000005,8.588781945523682,0.013044920219626341,0.03164971052630608
0.0,7.9882714232544965,0.0,0.029436825821772844
0.45,6.340283721434452,0.001658252570291484,0.023363981727657634
0.52,6.240949214254598,0.0019162029701146038,0.02299793350132512
0.12,5.704637548008748,0.00044220068541106234,0.021021621947926256
30.61,5.725967750861634,0.11279802483693849,0.021100223867272117
0.12,11.035284979606493,0.00044220068541106234,0.04066508818073661
8.9,10.965538905805474,0.03279655083465379,0.04040807350040709
48.17,12.49236251825876,0.17750672513542395,0.04603442723314574
2.51,15.520360862752867,0.00924936433651472,0.05719261842780288
0.71,15.92985805730139,0.0026163540553487854,0.05870161792866341
0.48,14.523990530287403,0.0017688027416442494,0.05352098806164057
2.64,6.189494119807092,0.009728415079043373,0.02280832118438697
6.150000000000001,6.212561379024187,0.02266278512731695,0.022893324166356588
0.82,7.176116920070069,0.0030217046836422596,0.026444031838707555
22.86,7.236227694365068,0.08423923057080739,0.026665540385322872
0.63,10.787605483944409,0.0023215535984080775,0.03975238782453627
0.48,9.822651438495562,0.0017688027416442494,0.03619652665547246
1.61,9.763104202791355,0.005932859195931754,0.03597709475178301
0.48,6.015540619599513,0.0017688027416442494,0.022167301542541595
0.48,5.988905443256551,0.0017688027416442494,0.022069150765584078
0.48,5.988905443256551,0.0017688027416442494,0.022069150765584078
1.32,5.788171475324967,0.004864207539521687,0.021329444947212173
0.48,5.937403509327906,0.0017688027416442494,0.02187936584489039
0.48,5.937403509327906,0.0017688027416442494,0.02187936584489039
5.85,5.937403509327906,0.02155728341378929,0.02187936584489039
0.68,6.740807416731115,0.0025058038839960205,0.0248399138325206
10.63,6.776224064216309,0.03917161071599661,0.024970424380794887
9.57,8.56767187755138,0.03526550466153223,0.031571919805252535
2.66,9.221329792290181,0.00980211519327855,0.0339806529546014
22.08,9.568609656252463,0.08136492611563548,0.035260381236881244
0.88,11.568251396234531,0.0032428050263477908,0.042629072470186574
13.9,10.051962188607124,0.05122157939344806,0.037041538079401276
1.3999999999999997,12.011592503088577,0.005159007996462394,0.04426278698120123
0.9,8.395212218810547,0.003316505140582968,0.03093640497774458
10.36,8.398732886297788,0.038176659173821716,0.03094937865754427
5.55,7.774871448199787,0.020451781700261636,0.028650445694807042
0.69,8.506091573823387,0.0025426539411136087,0.031344996034283035
15.93,8.469136762028533,0.05870214098831853,0.031208817341742023
1.07,9.447637899655485,0.003942956111581973,0.034814599622859876
0.97,8.660895765151377,0.0035744555404060873,0.031915450363530884
2.53,8.71013334143121,0.009323064450749898,0.03209689111335523
0.55,6.343830723216025,0.0020267531414673696,0.02337705244948235
0.03,6.251593902155568,0.00011055017135276559,0.023037159237040084
0.0,6.084780098353475,0.0,0.02242244941722915
0.0,5.635303060611964,0.0,0.020766123965847233
30.8,5.537494203490325,0.11349817592217268,0.020405697768693387
0.58,10.956819389586224,0.0021373033128201345,0.04037594203333539
0.07,11.057948604873316,0.00025795039982311977,0.04074860376929401
0.0,11.070151313469047,0.0,0.04079357082016821
0.0,5.647748988082605,0.0,0.020811987279664684
0.0,5.54460873726283,0.0,0.02043191486628157
0.0,5.5321581834929425,0.0,0.020386034504524975
6.67,5.5321581834929425,0.024578988097431552,0.020386034504524975
2.25,6.716013062803422,0.008291262851457419,0.02474854649667768
18.01,7.114224501181309,0.06636695286877695,0.0262159579215879
1.05,10.281080535998594,0.003869255997346796,0.03788584049820759
26.13,9.296786613795549,0.09628919924825884,0.034258711772839845
1.31,13.454802225661782,0.004827357482404098,0.0495810230521494
0.56,10.553672999353019,0.002063603198584958,0.03889034528265106
6.150000000000001,10.468080357783448,0.02266278512731695,0.038574935909582664
25.24,6.955008815541156,0.09300954416479344,0.025629247210602335
17.55,11.157297602190921,0.06467185024136787,0.0411147053918669
0.66,14.101996236627272,0.0024321037697608433,0.05196593667917335
10.54,13.153975603651414,0.038839960201938306,0.04847247523179207
28.04,10.599078591256,0.10332756015771824,0.03905766514815934
14.01,12.42472448009332,0.051626930021741534,0.04578518067617393
4.05,14.730440034869375,0.014924273132623355,0.054281755665214926
10.55,13.61199756793243,0.038876810259055906,0.05016028878627862
30.44,10.574630366355095,0.1121715738659395,0.03896757329975714
0.08,13.42888210476533,0.00029480045694070826,0.04948550725859649
0.0,12.74195659551589,0.0,0.04695418283345945
2.57,10.907984935897725,0.009470464679220253,0.040195986792562644
0.5,6.003111189220277,0.0018425028558794266,0.022121499020600205
5.0,6.077679409641857,0.018425028558794267,0.022396283338769418
2.34,6.963856540411926,0.008622913365515716,0.025661851127287194
4.71,6.923154658813833,0.0173563769023842,0.02551186446111889
8.14,7.66722689592346,0.029995946493717066,0.028253774904829054
9.68,8.22088277390565,0.0356708552898257,0.030293999977542285
1.28,9.51076027169701,0.004716807311051332,0.03504720592437266
0.03,8.908752391398911,0.00011055017135276559,0.03282880344695033
0.04,7.480072317691608,0.00014740022847035413,0.02756410921506286
0.0,5.7721775642592,0.0,0.02127050729358146
0.0,5.54460873726283,0.0,0.02043191486628157
1.73,5.539272854028722,0.006375059881342816,0.020412252106086604
15.15,5.839701137184562,0.05582783653314663,0.02151933204548978
3.74,8.518408739429265,0.013781921361978111,0.03139038485989337
0.2,9.175694650373217,0.0007370011423517707,0.033812487195980456
0.03,8.906995331324326,0.00011055017135276559,0.03282232867053958
7.6000000000000005,6.237400894010275,0.028006043409367284,0.02298485792095764
16.21,6.921384875713165,0.059733942587611014,0.025505342800284353
0.11,9.74033271345987,0.00040535062829347385,0.03589318168353123
0.23,9.754346162142207,0.0008475513137045363,0.03594482132196708
13.56,8.460337264360676,0.049968677451450054,0.031176391142575366
0.9500000000000001,7.993560230075023,0.0035007554261709106,0.029456315105114872
0.03,8.14160555209688,0.00011055017135276559,0.030001862962364595
22.41,8.10636389314532,0.0825809780005159,0.029871997247836235
7.54,9.661493678442426,0.027784943066661752,0.03560265938918239
1.43,10.813779457684674,0.00526955816781516,0.03984883906726858
18.22,11.057948604873316,0.0671408040682463,0.04074860376929401
3.4,10.326531537616349,0.0125290194199801,0.038053327698774175
1.74,9.60191132915053,0.006411909938460404,0.03538309809172174
13.67,9.656236934455764,0.050374028079743526,0.03558328825756629
8.37,8.857793077966248,0.0308434978074216,0.032641018085883655
0.12,9.72982215552449,0.00044220068541106234,0.03585445021750558
22.42,9.445884292573536,0.0826178280576335,0.03480813757074672
18.25,10.97600195652349,0.06725135423959908,0.040446629902065406
2.25,12.693442448768808,0.008291262851457419,0.04677540792559534
10.93,13.062277845979724,0.04027711242952427,0.04813456847101641
20.75,11.06666488114904,0.0764638685189962,0.04078072329715532
13.6,11.502122838562135,0.0501160776799204,0.042385388357453424
2.14,13.47035310241773,0.007885912223163946,0.049638328121817926
1.22,11.94730949778913,0.004495706968345801,0.04402590373950374
5.96,8.532484823647689,0.021962634042082766,0.03144225531063746
13.79,7.184957561154242,0.050816228765154584,0.026476609651598343
5.56,9.237124800917766,0.020488631757379222,0.034038857651611326
4.29,9.997715196660689,0.01580867450344548,0.036841637604232924
9.11,9.705295948835731,0.03357040203412315,0.035764071005769726
10.86,8.884152525792615,0.04001916202970114,0.03273815280168263
4.33,9.813895305661697,0.015956074731915834,0.03616426025596675
0.96,9.820900234371127,0.0035376054832884987,0.036190073458271466
7.56,8.38993113298214,0.02785864318089693,0.03091694414630261
5.95,7.808391486576169,0.021925783984965176,0.028773967227682384
0.13,8.094028245494432,0.00047905074252865094,0.029826540315784467
2.48,7.947720526542486,0.009138814165161956,0.029287395535772143
18.2,7.050549244829996,0.06706710395401112,0.025981314238235603
11.22,9.209044155821662,0.041345764085934336,0.03393538031404231
6.47,11.14858422966865,0.023841986955079778,0.041082596564353646
5.56,11.843034385522563,0.020488631757379222,0.043641649355207146
2.18,9.636961341943667,0.0080333124516343,0.03551225758906168
2.87,8.048205281177594,0.01057596639274791,0.0296576824305472
3.63,7.412948207582098,0.013376570733684636,0.027316756485912586
4.37,7.071775962332501,0.01610347496038619,0.026059534813474228
8.41,7.458876995963776,0.030990898035891955,0.027486004333433234
11.79,8.435697171024238,0.043446217341636874,0.031085592257892314
18.48,9.868178807355076,0.06809890555330361,0.03636429526976112
8.07,12.327573629662533,0.029737996093893947,0.04542717923743425
13.8,12.268572174720303,0.05085307882227218,0.04520975853897005
3.44,12.617188344425735,0.012676419648450454,0.04649441111554606
0.2,9.997715196660689,0.0007370011423517707,0.036841637604232924
8.95,8.61692617798066,0.03298080112024173,0.031753422183663116
10.57,7.762520931637564,0.03895051037329108,0.028604933970732077
8.34,9.017668130913515,0.030732947636068837,0.03323015856916209
25.96,10.4436203809115,0.09566274827725983,0.03848480075510005
2.41,13.399502955886815,0.008880863765338837,0.04937724492717255
7.49,11.985533662111143,0.02760069278107381,0.044166760003357564
7.4,11.837819577488029,0.027269042267015514,0.04362243275781416
18.0,8.592300132378545,0.06633010281165935,0.03166267506496129
16.4,11.321057058955358,0.060434093672845184,0.041718159925398374
0.19,12.86839898610898,0.0007001510852341821,0.04742012376500343
3.73,11.616967399649715,0.013745071304860522,0.042808591221025594
2.79,9.123029269324592,0.010281165935807201,0.03361841496600432
5.56,6.7230973908887295,0.020488631757379222,0.024774652286136012
5.89,7.672521874092991,0.021704683642259644,0.02827328692962741
5.01,8.053492935906334,0.018461878615911854,0.029677167468424415
8.64,8.444497458103065,0.031838449349596495,0.031118021366042914
5.11,8.986051889726605,0.018830379187087742,0.03311365253980397
2.5,8.84900603233674,0.009212514279397134,0.03260863777254944
7.11,8.407534357625835,0.02620039061060545,0.030981812129660002
24.42,8.138081589432339,0.0899878394811512,0.029988877139817738
6.970000000000001,11.51952665171308,0.025684489810959207,0.04244952150832104
4.9,12.29633916647913,0.018056527987618382,0.045312080062199694
47.55,11.912555581317447,0.17522202159413347,0.0438978353587996
39.6,15.902463600837565,0.1459262261856506,0.05860066920012369
30.0,21.431504631151135,0.1105501713527656,0.07897521697737825
64.96,25.606641117080667,0.2393779710358551,0.09436061877540136
47.02,28.463432029513232,0.1732689685669013,0.10488790960501615
13.05,29.671320678686453,0.048089324538453035,0.10933898617638815
4.46,26.903611670234504,0.016435125474444486,0.09913996267175629
3.52,16.77598803219983,0.012971220105391163,0.061819611719054535
14.2,9.247654300637628,0.05232708110697571,0.03407765891822098
11.6,9.449391495500961,0.0427460662564027,0.034821061633566575
5.9,10.698595153447455,0.021741533699377234,0.039424384248249456
2.19,11.11372794783999,0.008070162508751888,0.04095415096672436
10.73,9.012399010610789,0.0395401112871725,0.033210741830750595
10.46,8.859550453309916,0.03854515974499761,0.03264749402406278
3.34,9.659741441674614,0.01230791907727457,0.03559620238668465
9.14,9.861175090436479,0.03368095220547592,0.03633848653291255
4.04,9.582631907418415,0.014887423075505767,0.03531205331251949
25.59,8.455057430436845,0.09429929616390906,0.031156934924408908
3.34,12.343189510367711,0.01230791907727457,0.04548472384702698
12.65,11.334989480078717,0.046615322253749494,0.04176950097681659
4.46,12.830299286289918,0.016435125474444486,0.047279726153553886
0.07,9.145852177430598,0.00025795039982311977,0.0337025175127339
0.0,8.57119033493573,0.0,0.03158488534081044
2.95,6.336736674196811,0.010870766849688617,0.02335091083832705
0.92,6.0688032928187425,0.003390205254818145,0.022363574797578
0.9500000000000001,6.219658610682448,0.0035007554261709106,0.022919477505554953
13.06,6.3881644103669215,0.04812617459557062,0.02354042233985673
21.25,8.175080945124419,0.07830637137487563,0.03012521997687445
40.06,11.733502362842689,0.14762132881305967,0.04323802322601131
52.21,18.450042701127725,0.19239414821092973,0.06798851273585041
27.03,25.0069720299157,0.09960570438884181,0.09215083476403324
52.9,25.96115986238201,0.19493680215204331,0.09566702237676239
33.48,28.068240949785128,0.1233739912296864,0.10343162821898194
47.75,24.988778456499496,0.17595902273648523,0.09208379134207723
41.32,28.393256888835104,0.15226443600987583,0.10462931381079377
8.51,26.496134006574298,0.03135939860706784,0.09763840515375427
3.71,22.357141412998068,0.013671371190625345,0.08238619380549828
19.24,14.893766682953476,0.07089950989424033,0.05488361529628727
15.62,11.0718945128743,0.05755978921767328,0.0407999945199333
17.17,12.308486330238573,0.06327154807089952,0.045356842430034905
109.62,14.634116687167644,0.4039503261230055,0.053926803578758314
128.59,29.741143725128985,0.47385488447507096,0.10959628450134129
41.38,47.434482840772176,0.15248553635258136,0.1747963402025728
88.33,51.062453562455836,0.3254965545196595,0.18816543303407096
2.93,47.875047681514005,0.01079706673545344,0.17641982415710655
59.93,28.149942233181665,0.22084239230570807,0.1037326979149562
1.28,31.162634172871527,0.004716807311051332,0.1148344849204832
1.0,16.709420596223275,0.003685005711758853,0.06157431033726379
0.44,16.379752164101085,0.0016214025131738954,0.060359480281906935
0.2,6.015540619599513,0.0007370011423517707,0.022167301542541595
0.0,5.82371019785377,0.0,0.021460405342719424
3.19,5.645971032621898,0.011755168220510741,0.020805435503636727
0.99,6.1344798238157265,0.0036481556546412645,0.022605593189430395
1.52,6.274655988722562,0.005601208681873457,0.023122143157764535
4.94,6.54416250461025,0.018203928216088735,0.02411527620816689
0.0,6.854124714165205,0.0,0.025257488720806298
24.41,6.678817361241782,0.08995098942403361,0.02461148012397016
0.88,10.70383186047405,0.0032428050263477908,0.039443681543553266
3.68,9.994215020694433,0.01356082101927258,0.03682873943580511
10.78,10.63749279955339,0.039724361572760436,0.03919922172514792
0.58,8.247303435120484,0.0021373033128201345,0.030391360265027395
11.4,8.194459573159465,0.04200906511405093,0.030196630331869645
2.88,9.551080831458327,0.010612816449865496,0.03519578741739443
0.26,8.162748379739089,0.0009581014850573019,0.030079774402988868
0.15,8.10636389314532,0.0005527508567638279,0.029871997247836235
5.17,6.116730945470213,0.01905147952979327,0.022540188471349865
8.08,6.522895216495187,0.029774846151011534,0.024036906129989266
13.29,7.905400175267099,0.04897372590927516,0.0291314447995987
33.7,10.212889834365612,0.12418469248627337,0.037634557373201205
10.73,15.15659963818541,0.0395401112871725,0.055852156237555406
4.88,15.6112239857348,0.017982827873383202,0.05752744955497954
14.66,14.165768463978061,0.05402218373438479,0.05220093770121259
18.51,10.864375340734297,0.06820945572465638,0.04003528518529792
0.21,12.218237245753542,0.0007738511994693591,0.045024274038226564
0.0,11.40638192996331,0.0,0.042032582562417764
20.26,8.841976193135213,0.07465821572023437,0.03258273277493906
35.12,9.14936322532589,0.1294174005969709,0.03371545574428231
2.98,15.209821988214527,0.010981317021041383,0.05604828090140593
6.28,15.720904371942458,0.023141835869845598,0.057931622404622685
1.49,13.314803971529415,0.0054906585105206915,0.04906512868603535
1.55,7.437680044430665,0.005711758853226222,0.02740789344596184
0.08,7.184957561154242,0.00029480045694070826,0.026476609651598343
3.4,6.086555242094921,0.0125290194199801,0.022428990832055573
0.52,6.425399219655103,0.0019162029701146038,0.02367763282475993
0.15,6.242723357324577,0.0005527508567638279,0.02300447122867147
0.0,6.2551420405138325,0.0,0.0230502341471564
0.1,5.651304864826768,0.00036850057117588536,0.020825090705777233
2.47,5.576621882762308,0.009101964108044367,0.020549883490298515
5.27,5.988905443256551,0.019419980100969153,0.022069150765584078
0.05,6.923154658813833,0.00018425028558794268,0.02551186446111889
4.57,6.914305629908196,0.01684047610273796,0.0254792557390581
7.47,7.285720852796192,0.027526992666838633,0.026847922956834552
24.76,7.67428684419743,0.09124074142314921,0.028279790854543352
4.05,12.001169267252614,0.014924273132623355,0.044224377297610695
0.06,11.910817768578655,0.00022110034270553117,0.043891431508931184
0.0,10.620032467082828,0.0,0.039134880300264685
0.0,6.26223818082074,0.0,0.023076383464718797
0.18,5.542830120914895,0.0006633010281165935,0.020425360654880403
0.09,5.5641727649244554,0.00033165051405829676,0.02050400841995967
0.08,5.580178671013662,0.00029480045694070826,0.02056299027532027
0.0,5.594405368215837,0.0,0.02061541573576975
0.04,5.562394273936105,0.00014740022847035413,0.020497454670509285
9.62,5.553501648053488,0.03544975494712017,0.020464685293339308
59.17,7.245066409640628,0.21804178796477136,0.02669811110159792
2.29,17.508834919123696,0.008438663079927773,0.06452015668321368
0.08,17.89149736489678,0.00029480045694070826,0.0659302699815631
0.03,16.265212317787636,0.00011055017135276559,0.059937400294017895
0.43,5.958715815117321,0.0015845524560563068,0.02195790181345514
0.56,5.628190851413729,0.002063603198584958,0.020739915434328515
0.51,5.713525331850579,0.0018793529129970152,0.02105437348214828
5.2,5.798833570297928,0.019162029701146038,0.02136873482808685
0.0,6.645159794420886,0.0,0.02448745179799125
0.0,6.545934704806422,0.0,0.024121806776012167
0.0,6.455538014836256,0.0,0.023788694457148013
0.0,5.5321581834929425,0.0,0.020386034504524975
0.0,5.5321581834929425,0.0,0.020386034504524975
3.13,5.5321581834929425,0.01153406787780521,0.020386034504524975
0.87,6.088330374461917,0.003205954969230202,0.02243553220496708
0.13,6.242723357324577,0.00047905074252865094,0.02300447122867147
0.0,6.265786182770572,0.0,0.02308945787216926
0.0,5.709970252483641,0.0,0.02104127299437536
0.0,5.555280196022372,0.0,0.020471239252763285
0.0,5.5321581834929425,0.0,0.020386034504524975
0.0,5.5321581834929425,0.0,0.020386034504524975
0.0,5.5321581834929425,0.0,0.020386034504524975
0.0,5.5321581834929425,0.0,0.020386034504524975
0.0,5.5321581834929425,0.0,0.020386034504524975
0.0,5.5321581834929425,0.0,0.020386034504524975
1.78,5.5321581834929425,0.006559310166930759,0.020386034504524975
2.09,5.848584593904869,0.007701661937576002,0.021552067634244276
1.87,6.219658610682448,0.006890960680989056,0.022919477505554953
0.04,6.551251237261667,0.00014740022847035413,0.024141398228476496
0.0,6.242723357324577,0.0,0.02300447122867147
0.0,5.87168024944828,0.0,0.02163717525683856
0.0,5.539272854028722,0.0,0.020412252106086604
0.0,5.5321581834929425,0.0,0.020386034504524975
0.0,5.5321581834929425,0.0,0.020386034504524975
1.1,5.5321581834929425,0.004053506282934739,0.020386034504524975
0.0,5.7277451937342425,0.0,0.021106773754410002
0.0,5.7277451937342425,0.0,0.021106773754410002
0.0,5.7277451937342425,0.0,0.021106773754410002
0.0,5.5321581834929425,0.0,0.020386034504524975
2.7,5.5321581834929425,0.009949515421748904,0.020386034504524975
0.18,6.0119894106647385,0.0006633010281165935,0.022154215317333303
1.64,6.043948652788037,0.006043409367284519,0.022271985307101144
0.46,6.334963133531752,0.0016951026274090726,0.023344375330846268
0.11,5.937403509327906,0.00040535062829347385,0.02187936584489039
20.9,5.9249705741515415,0.07701661937576003,0.021833550407751562
6.65,9.324858263806592,0.024505287983196376,0.03436215596346903
13.33,10.408673750274644,0.04912112613774551,0.03835602222159651
22.9,12.709037230898009,0.08438663079927773,0.04683287478681508
13.82,13.055355996592082,0.05092677893650735,0.04810906141648702
2.92,14.293267569804067,0.01076021667833585,0.05267077263442557
0.0,12.494096604683065,0.0,0.04604081735152399
0.0,8.493773855737842,0.0,0.031299605172781964
0.0,6.05105020602607,0.0,0.022298154571345652
4.1,5.5321581834929425,0.015108523418211296,0.020386034504524975
0.07,6.2604641627950395,0.00025795039982311977,0.023069846198161326
0.0,6.2728820502658795,0.0,0.02311560618441935
0.0,6.2728820502658795,0.0,0.02311560618441935
20.92,5.54460873726283,0.07709031948999522,0.02043191486628157
0.89,9.228349908578837,0.0032796550834653794,0.034006522123222305
10.709999999999999,9.38450096519032,0.03946641117293732,0.034581939658732797
1.15,11.256610320384322,0.004237756568522681,0.041480673325659884
3.02,7.7907498698147855,0.011128717249511737,0.028708957769152027
0.09,8.166272026294054,0.00033165051405829676,0.030092759060670132
0.0,6.2888470871804305,0.0,0.023174437436637912
0.0,6.084780098353475,0.0,0.02242244941722915
0.0,5.548165935768635,0.0,0.020445023163093323
0.0,5.5321581834929425,0.0,0.020386034504524975
0.0,5.5321581834929425,0.0,0.020386034504524975
0.0,5.5321581834929425,0.0,0.020386034504524975
1.62,5.5321581834929425,0.005969709253049343,0.020386034504524975
0.09,5.820156530544643,0.00033165051405829676,0.021447310058387598
0.63,5.836147674804933,0.0023215535984080775,0.021506237516324328
0.0,5.948059867064813,0.0,0.021918634584017438
25.98,5.660194357323031,0.095736448391495,0.020857848536400603
2.32,10.225130445907714,0.008549213251280538,0.037679664096649274
1.52,10.52048720579311,0.005601208681873457,0.03876805544383355
5.53,10.785860462913027,0.02037808158602646,0.03974595741206849
0.84,7.193797919005023,0.0030954047978774364,0.026509186420772463
3.68,6.932003404217296,0.01356082101927258,0.02554447213847255
0.84,7.313998671040904,0.0030954047978774364,0.026952126878582394
2.14,6.483900940854442,0.007885912223163946,0.02389321200152722
2.05,6.714241952410771,0.007554261709105648,0.024742019944764604
3.66,6.425399219655103,0.013487120905037403,0.02367763282475993
14.52,6.9249244305743884,0.053506282934738546,0.025518386080165045
11.92,9.107227680764668,0.04392526808416553,0.033560186021906135
7.41,10.834716825449068,0.027305892324133104,0.039925993387069564
2.85,11.488198985094677,0.010502266278512732,0.04233407887789614
10.379999999999999,9.449391495500999,0.038250359288056895,0.03482106163356671
14.8,9.17920531583163,0.05453808453403103,0.033825424018246786
9.09,10.473321495931335,0.033496701919887975,0.03859424953359375
9.7,11.561291253652106,0.03574455540406087,0.04260342430501568
1.96,11.44294153166148,0.007222611195047352,0.042167304903495156
3.8000000000000003,9.198513171674996,0.014003021704683642,0.033896573577311406
4.77,8.268438135793865,0.017577477245089727,0.030469241757725113
1.55,7.3988147332376615,0.005711758853226222,0.027264674552226337
14.049999999999999,7.326369304920212,0.051774330250211886,0.02699771273508572
0.18,9.131807535890466,0.0006633010281165935,0.03365076292843891
4.8,8.324789393392157,0.017688027416442494,0.030676896463839615
6.38,8.896452734442946,0.023510336441021483,0.03278347914081492
0.16,7.545414301171945,0.0005896009138814165,0.027804894797405555
1.93,7.541882698106785,0.0071120610236945865,0.027791880819938775
0.14,7.034628135565951,0.0005159007996462395,0.02592264485966006
0.0,5.928522898249046,0.0,0.021846640742340884
6.339999999999999,5.900103030756438,0.023362936212551127,0.021741913368303195
1.3999999999999997,6.6823600246512225,0.005159007996462394,0.024624534858868785
4.63,6.905456317491311,0.01706157644544349,0.025446645972256737
9.42,7.723701415831988,0.0347127538047684,0.028461883833260815
3.78,8.266676972806158,0.013929321590448464,0.030462751862056076
17.7,8.685515657528759,0.0652246010981317,0.03200617480756443
4.31,10.974258142671802,0.015882374617680654,0.04044020393806169
19.61,10.08170596454928,0.07226296200759111,0.0371511440636374
2.38,12.837226903928563,0.00877031359398607,0.04730525446412118
21.57,10.170917854945817,0.07948557320263847,0.03747989038930544
51.94,13.173003311723306,0.19139919666875482,0.048542592444718674
0.46,18.707696644148673,0.0016951026274090726,0.06893796898753979
3.02,18.382197313305817,0.011128717249511737,0.06773850209421017
1.49,15.216688618184003,0.0054906585105206915,0.05607358447206398
0.66,6.414761213968697,0.0024321037697608433,0.023638431713043806
11.28,6.450219642477127,0.04156686442863986,0.023769096224627362
0.0,7.910690575098402,0.0,0.029150939953194538
0.0,7.647811105119199,0.0,0.028182227604817034
0.05,7.531287617356447,0.00018425028558794268,0.02775283788685723
21.8,5.5410514931702455,0.080333124516343,0.020418806401482276
13.91,9.391516899367373,0.05125842945056565,0.03460779341624856
